2022/12/12-11:40:23.123126 7fbe00e25ac0 RocksDB version: 6.17.0
2022/12/12-11:40:23.123255 7fbe00e25ac0 Git sha 0
2022/12/12-11:40:23.123285 7fbe00e25ac0 DB SUMMARY
2022/12/12-11:40:23.123287 7fbe00e25ac0 DB Session ID:  XD9WUZIBL2QAQV172UAR
2022/12/12-11:40:23.123310 7fbe00e25ac0 CURRENT file:  CURRENT
2022/12/12-11:40:23.123313 7fbe00e25ac0 IDENTITY file:  IDENTITY
2022/12/12-11:40:23.123317 7fbe00e25ac0 MANIFEST file:  MANIFEST-000396 size: 6339 Bytes
2022/12/12-11:40:23.123319 7fbe00e25ac0 SST files in /home/fury02/Projects/service-difibase/.dfx/network/local/state/replicated_state/node-100/ic_consensus_pool/consensus dir, Total Num: 12, files: 000400.sst 000401.sst 000402.sst 000403.sst 000404.sst 000405.sst 000406.sst 000407.sst 000408.sst 
2022/12/12-11:40:23.123322 7fbe00e25ac0 Write Ahead Log file in /home/fury02/Projects/service-difibase/.dfx/network/local/state/replicated_state/node-100/ic_consensus_pool/consensus: 000397.log size: 80133 ; 
2022/12/12-11:40:23.123324 7fbe00e25ac0                         Options.error_if_exists: 0
2022/12/12-11:40:23.123325 7fbe00e25ac0                       Options.create_if_missing: 1
2022/12/12-11:40:23.123327 7fbe00e25ac0                         Options.paranoid_checks: 1
2022/12/12-11:40:23.123328 7fbe00e25ac0                               Options.track_and_verify_wals_in_manifest: 0
2022/12/12-11:40:23.123330 7fbe00e25ac0                                     Options.env: 0x557251b1e9c0
2022/12/12-11:40:23.123332 7fbe00e25ac0                                      Options.fs: Posix File System
2022/12/12-11:40:23.123334 7fbe00e25ac0                                Options.info_log: 0x5572982b9b40
2022/12/12-11:40:23.123336 7fbe00e25ac0                Options.max_file_opening_threads: 16
2022/12/12-11:40:23.123338 7fbe00e25ac0                              Options.statistics: (nil)
2022/12/12-11:40:23.123340 7fbe00e25ac0                               Options.use_fsync: 1
2022/12/12-11:40:23.123342 7fbe00e25ac0                       Options.max_log_file_size: 0
2022/12/12-11:40:23.123344 7fbe00e25ac0                  Options.max_manifest_file_size: 1073741824
2022/12/12-11:40:23.123345 7fbe00e25ac0                   Options.log_file_time_to_roll: 0
2022/12/12-11:40:23.123347 7fbe00e25ac0                       Options.keep_log_file_num: 1000
2022/12/12-11:40:23.123349 7fbe00e25ac0                    Options.recycle_log_file_num: 0
2022/12/12-11:40:23.123351 7fbe00e25ac0                         Options.allow_fallocate: 1
2022/12/12-11:40:23.123353 7fbe00e25ac0                        Options.allow_mmap_reads: 0
2022/12/12-11:40:23.123354 7fbe00e25ac0                       Options.allow_mmap_writes: 0
2022/12/12-11:40:23.123356 7fbe00e25ac0                        Options.use_direct_reads: 0
2022/12/12-11:40:23.123358 7fbe00e25ac0                        Options.use_direct_io_for_flush_and_compaction: 0
2022/12/12-11:40:23.123360 7fbe00e25ac0          Options.create_missing_column_families: 1
2022/12/12-11:40:23.123361 7fbe00e25ac0                              Options.db_log_dir: 
2022/12/12-11:40:23.123363 7fbe00e25ac0                                 Options.wal_dir: /home/fury02/Projects/service-difibase/.dfx/network/local/state/replicated_state/node-100/ic_consensus_pool/consensus
2022/12/12-11:40:23.123365 7fbe00e25ac0                Options.table_cache_numshardbits: 6
2022/12/12-11:40:23.123368 7fbe00e25ac0                         Options.WAL_ttl_seconds: 0
2022/12/12-11:40:23.123369 7fbe00e25ac0                       Options.WAL_size_limit_MB: 0
2022/12/12-11:40:23.123371 7fbe00e25ac0                        Options.max_write_batch_group_size_bytes: 1048576
2022/12/12-11:40:23.123373 7fbe00e25ac0             Options.manifest_preallocation_size: 4194304
2022/12/12-11:40:23.123375 7fbe00e25ac0                     Options.is_fd_close_on_exec: 1
2022/12/12-11:40:23.123377 7fbe00e25ac0                   Options.advise_random_on_open: 1
2022/12/12-11:40:23.123378 7fbe00e25ac0                    Options.db_write_buffer_size: 0
2022/12/12-11:40:23.123380 7fbe00e25ac0                    Options.write_buffer_manager: 0x5572982dce10
2022/12/12-11:40:23.123382 7fbe00e25ac0         Options.access_hint_on_compaction_start: 1
2022/12/12-11:40:23.123399 7fbe00e25ac0  Options.new_table_reader_for_compaction_inputs: 0
2022/12/12-11:40:23.123400 7fbe00e25ac0           Options.random_access_max_buffer_size: 1048576
2022/12/12-11:40:23.123402 7fbe00e25ac0                      Options.use_adaptive_mutex: 0
2022/12/12-11:40:23.123404 7fbe00e25ac0                            Options.rate_limiter: (nil)
2022/12/12-11:40:23.123406 7fbe00e25ac0     Options.sst_file_manager.rate_bytes_per_sec: 0
2022/12/12-11:40:23.123408 7fbe00e25ac0                       Options.wal_recovery_mode: 2
2022/12/12-11:40:23.123410 7fbe00e25ac0                  Options.enable_thread_tracking: 0
2022/12/12-11:40:23.123412 7fbe00e25ac0                  Options.enable_pipelined_write: 0
2022/12/12-11:40:23.123413 7fbe00e25ac0                  Options.unordered_write: 0
2022/12/12-11:40:23.123415 7fbe00e25ac0         Options.allow_concurrent_memtable_write: 1
2022/12/12-11:40:23.123417 7fbe00e25ac0      Options.enable_write_thread_adaptive_yield: 1
2022/12/12-11:40:23.123418 7fbe00e25ac0             Options.write_thread_max_yield_usec: 100
2022/12/12-11:40:23.123420 7fbe00e25ac0            Options.write_thread_slow_yield_usec: 3
2022/12/12-11:40:23.123422 7fbe00e25ac0                               Options.row_cache: None
2022/12/12-11:40:23.123423 7fbe00e25ac0                              Options.wal_filter: None
2022/12/12-11:40:23.123425 7fbe00e25ac0             Options.avoid_flush_during_recovery: 0
2022/12/12-11:40:23.123427 7fbe00e25ac0             Options.allow_ingest_behind: 0
2022/12/12-11:40:23.123429 7fbe00e25ac0             Options.preserve_deletes: 0
2022/12/12-11:40:23.123431 7fbe00e25ac0             Options.two_write_queues: 0
2022/12/12-11:40:23.123433 7fbe00e25ac0             Options.manual_wal_flush: 0
2022/12/12-11:40:23.123435 7fbe00e25ac0             Options.atomic_flush: 0
2022/12/12-11:40:23.123437 7fbe00e25ac0             Options.avoid_unnecessary_blocking_io: 0
2022/12/12-11:40:23.123439 7fbe00e25ac0                 Options.persist_stats_to_disk: 0
2022/12/12-11:40:23.123441 7fbe00e25ac0                 Options.write_dbid_to_manifest: 0
2022/12/12-11:40:23.123442 7fbe00e25ac0                 Options.log_readahead_size: 0
2022/12/12-11:40:23.123444 7fbe00e25ac0                 Options.file_checksum_gen_factory: Unknown
2022/12/12-11:40:23.123446 7fbe00e25ac0                 Options.best_efforts_recovery: 0
2022/12/12-11:40:23.123447 7fbe00e25ac0                Options.max_bgerror_resume_count: 2147483647
2022/12/12-11:40:23.123449 7fbe00e25ac0            Options.bgerror_resume_retry_interval: 1000000
2022/12/12-11:40:23.123452 7fbe00e25ac0             Options.allow_data_in_errors: 0
2022/12/12-11:40:23.123453 7fbe00e25ac0             Options.db_host_id: __hostname__
2022/12/12-11:40:23.123455 7fbe00e25ac0             Options.max_background_jobs: 2
2022/12/12-11:40:23.123457 7fbe00e25ac0             Options.max_background_compactions: -1
2022/12/12-11:40:23.123459 7fbe00e25ac0             Options.max_subcompactions: 1
2022/12/12-11:40:23.123460 7fbe00e25ac0             Options.avoid_flush_during_shutdown: 0
2022/12/12-11:40:23.123462 7fbe00e25ac0           Options.writable_file_max_buffer_size: 1048576
2022/12/12-11:40:23.123464 7fbe00e25ac0             Options.delayed_write_rate : 16777216
2022/12/12-11:40:23.123465 7fbe00e25ac0             Options.max_total_wal_size: 0
2022/12/12-11:40:23.123467 7fbe00e25ac0             Options.delete_obsolete_files_period_micros: 21600000000
2022/12/12-11:40:23.123469 7fbe00e25ac0                   Options.stats_dump_period_sec: 600
2022/12/12-11:40:23.123471 7fbe00e25ac0                 Options.stats_persist_period_sec: 600
2022/12/12-11:40:23.123473 7fbe00e25ac0                 Options.stats_history_buffer_size: 1048576
2022/12/12-11:40:23.123475 7fbe00e25ac0                          Options.max_open_files: -1
2022/12/12-11:40:23.123476 7fbe00e25ac0                          Options.bytes_per_sync: 0
2022/12/12-11:40:23.123478 7fbe00e25ac0                      Options.wal_bytes_per_sync: 0
2022/12/12-11:40:23.123487 7fbe00e25ac0                   Options.strict_bytes_per_sync: 0
2022/12/12-11:40:23.123489 7fbe00e25ac0       Options.compaction_readahead_size: 0
2022/12/12-11:40:23.123491 7fbe00e25ac0                  Options.max_background_flushes: -1
2022/12/12-11:40:23.123493 7fbe00e25ac0 Compression algorithms supported:
2022/12/12-11:40:23.123494 7fbe00e25ac0 	kZSTDNotFinalCompression supported: 1
2022/12/12-11:40:23.123498 7fbe00e25ac0 	kZSTD supported: 1
2022/12/12-11:40:23.123500 7fbe00e25ac0 	kXpressCompression supported: 0
2022/12/12-11:40:23.123502 7fbe00e25ac0 	kLZ4HCCompression supported: 1
2022/12/12-11:40:23.123504 7fbe00e25ac0 	kLZ4Compression supported: 1
2022/12/12-11:40:23.123505 7fbe00e25ac0 	kBZip2Compression supported: 1
2022/12/12-11:40:23.123507 7fbe00e25ac0 	kZlibCompression supported: 1
2022/12/12-11:40:23.123509 7fbe00e25ac0 	kSnappyCompression supported: 1
2022/12/12-11:40:23.123512 7fbe00e25ac0 Fast CRC32 supported: Supported on x86
2022/12/12-11:40:23.123556 7fbe00e25ac0 [db/version_set.cc:4758] Recovering from manifest file: /home/fury02/Projects/service-difibase/.dfx/network/local/state/replicated_state/node-100/ic_consensus_pool/consensus/MANIFEST-000396
2022/12/12-11:40:23.123601 7fbe00e25ac0 [db/column_family.cc:595] --------------- Options for column family [default]:
2022/12/12-11:40:23.123604 7fbe00e25ac0               Options.comparator: leveldb.BytewiseComparator
2022/12/12-11:40:23.123606 7fbe00e25ac0           Options.merge_operator: None
2022/12/12-11:40:23.123608 7fbe00e25ac0        Options.compaction_filter: None
2022/12/12-11:40:23.123610 7fbe00e25ac0        Options.compaction_filter_factory: None
2022/12/12-11:40:23.123611 7fbe00e25ac0  Options.sst_partitioner_factory: None
2022/12/12-11:40:23.123613 7fbe00e25ac0         Options.memtable_factory: SkipListFactory
2022/12/12-11:40:23.123615 7fbe00e25ac0            Options.table_factory: BlockBasedTable
2022/12/12-11:40:23.123636 7fbe00e25ac0            table_factory options:   flush_block_policy_factory: FlushBlockBySizePolicyFactory (0x5572982d93e0)
  cache_index_and_filter_blocks: 0
  cache_index_and_filter_blocks_with_high_priority: 1
  pin_l0_filter_and_index_blocks_in_cache: 0
  pin_top_level_index_and_filter: 1
  index_type: 0
  data_block_index_type: 0
  index_shortening: 1
  data_block_hash_table_util_ratio: 0.750000
  hash_index_allow_collision: 1
  checksum: 1
  no_block_cache: 0
  block_cache: 0x5572982d9430
  block_cache_name: LRUCache
  block_cache_options:
    capacity : 8388608
    num_shard_bits : 4
    strict_capacity_limit : 0
    memory_allocator : None
    high_pri_pool_ratio: 0.000
  block_cache_compressed: (nil)
  persistent_cache: (nil)
  block_size: 4096
  block_size_deviation: 10
  block_restart_interval: 16
  index_block_restart_interval: 1
  metadata_block_size: 4096
  partition_filters: 0
  use_delta_encoding: 1
  filter_policy: nullptr
  whole_key_filtering: 1
  verify_compression: 0
  read_amp_bytes_per_bit: 0
  format_version: 4
  enable_index_compression: 1
  block_align: 0
2022/12/12-11:40:23.123641 7fbe00e25ac0        Options.write_buffer_size: 67108864
2022/12/12-11:40:23.123643 7fbe00e25ac0  Options.max_write_buffer_number: 2
2022/12/12-11:40:23.123645 7fbe00e25ac0          Options.compression: Snappy
2022/12/12-11:40:23.123647 7fbe00e25ac0                  Options.bottommost_compression: Disabled
2022/12/12-11:40:23.123648 7fbe00e25ac0       Options.prefix_extractor: nullptr
2022/12/12-11:40:23.123650 7fbe00e25ac0   Options.memtable_insert_with_hint_prefix_extractor: nullptr
2022/12/12-11:40:23.123652 7fbe00e25ac0             Options.num_levels: 7
2022/12/12-11:40:23.123654 7fbe00e25ac0        Options.min_write_buffer_number_to_merge: 1
2022/12/12-11:40:23.123656 7fbe00e25ac0     Options.max_write_buffer_number_to_maintain: 0
2022/12/12-11:40:23.123658 7fbe00e25ac0     Options.max_write_buffer_size_to_maintain: 0
2022/12/12-11:40:23.123659 7fbe00e25ac0            Options.bottommost_compression_opts.window_bits: -14
2022/12/12-11:40:23.123661 7fbe00e25ac0                  Options.bottommost_compression_opts.level: 32767
2022/12/12-11:40:23.123671 7fbe00e25ac0               Options.bottommost_compression_opts.strategy: 0
2022/12/12-11:40:23.123673 7fbe00e25ac0         Options.bottommost_compression_opts.max_dict_bytes: 0
2022/12/12-11:40:23.123674 7fbe00e25ac0         Options.bottommost_compression_opts.zstd_max_train_bytes: 0
2022/12/12-11:40:23.123676 7fbe00e25ac0         Options.bottommost_compression_opts.parallel_threads: 1
2022/12/12-11:40:23.123678 7fbe00e25ac0                  Options.bottommost_compression_opts.enabled: false
2022/12/12-11:40:23.123680 7fbe00e25ac0            Options.compression_opts.window_bits: -14
2022/12/12-11:40:23.123681 7fbe00e25ac0                  Options.compression_opts.level: 32767
2022/12/12-11:40:23.123683 7fbe00e25ac0               Options.compression_opts.strategy: 0
2022/12/12-11:40:23.123685 7fbe00e25ac0         Options.compression_opts.max_dict_bytes: 0
2022/12/12-11:40:23.123687 7fbe00e25ac0         Options.compression_opts.zstd_max_train_bytes: 0
2022/12/12-11:40:23.123689 7fbe00e25ac0         Options.compression_opts.parallel_threads: 1
2022/12/12-11:40:23.123691 7fbe00e25ac0                  Options.compression_opts.enabled: false
2022/12/12-11:40:23.123693 7fbe00e25ac0      Options.level0_file_num_compaction_trigger: 4
2022/12/12-11:40:23.123694 7fbe00e25ac0          Options.level0_slowdown_writes_trigger: 20
2022/12/12-11:40:23.123696 7fbe00e25ac0              Options.level0_stop_writes_trigger: 36
2022/12/12-11:40:23.123698 7fbe00e25ac0                   Options.target_file_size_base: 67108864
2022/12/12-11:40:23.123700 7fbe00e25ac0             Options.target_file_size_multiplier: 1
2022/12/12-11:40:23.123702 7fbe00e25ac0                Options.max_bytes_for_level_base: 268435456
2022/12/12-11:40:23.123703 7fbe00e25ac0 Options.level_compaction_dynamic_level_bytes: 0
2022/12/12-11:40:23.123705 7fbe00e25ac0          Options.max_bytes_for_level_multiplier: 10.000000
2022/12/12-11:40:23.123707 7fbe00e25ac0 Options.max_bytes_for_level_multiplier_addtl[0]: 1
2022/12/12-11:40:23.123709 7fbe00e25ac0 Options.max_bytes_for_level_multiplier_addtl[1]: 1
2022/12/12-11:40:23.123711 7fbe00e25ac0 Options.max_bytes_for_level_multiplier_addtl[2]: 1
2022/12/12-11:40:23.123713 7fbe00e25ac0 Options.max_bytes_for_level_multiplier_addtl[3]: 1
2022/12/12-11:40:23.123715 7fbe00e25ac0 Options.max_bytes_for_level_multiplier_addtl[4]: 1
2022/12/12-11:40:23.123716 7fbe00e25ac0 Options.max_bytes_for_level_multiplier_addtl[5]: 1
2022/12/12-11:40:23.123718 7fbe00e25ac0 Options.max_bytes_for_level_multiplier_addtl[6]: 1
2022/12/12-11:40:23.123720 7fbe00e25ac0       Options.max_sequential_skip_in_iterations: 8
2022/12/12-11:40:23.123721 7fbe00e25ac0                    Options.max_compaction_bytes: 1677721600
2022/12/12-11:40:23.123722 7fbe00e25ac0                        Options.arena_block_size: 8388608
2022/12/12-11:40:23.123724 7fbe00e25ac0   Options.soft_pending_compaction_bytes_limit: 68719476736
2022/12/12-11:40:23.123724 7fbe00e25ac0   Options.hard_pending_compaction_bytes_limit: 274877906944
2022/12/12-11:40:23.123725 7fbe00e25ac0       Options.rate_limit_delay_max_milliseconds: 100
2022/12/12-11:40:23.123726 7fbe00e25ac0                Options.disable_auto_compactions: 0
2022/12/12-11:40:23.123729 7fbe00e25ac0                        Options.compaction_style: kCompactionStyleLevel
2022/12/12-11:40:23.123730 7fbe00e25ac0                          Options.compaction_pri: kMinOverlappingRatio
2022/12/12-11:40:23.123731 7fbe00e25ac0 Options.compaction_options_universal.size_ratio: 1
2022/12/12-11:40:23.123732 7fbe00e25ac0 Options.compaction_options_universal.min_merge_width: 2
2022/12/12-11:40:23.123733 7fbe00e25ac0 Options.compaction_options_universal.max_merge_width: 4294967295
2022/12/12-11:40:23.123734 7fbe00e25ac0 Options.compaction_options_universal.max_size_amplification_percent: 200
2022/12/12-11:40:23.123735 7fbe00e25ac0 Options.compaction_options_universal.compression_size_percent: -1
2022/12/12-11:40:23.123737 7fbe00e25ac0 Options.compaction_options_universal.stop_style: kCompactionStopStyleTotalSize
2022/12/12-11:40:23.123744 7fbe00e25ac0 Options.compaction_options_fifo.max_table_files_size: 1073741824
2022/12/12-11:40:23.123746 7fbe00e25ac0 Options.compaction_options_fifo.allow_compaction: 0
2022/12/12-11:40:23.123749 7fbe00e25ac0                   Options.table_properties_collectors: 
2022/12/12-11:40:23.123750 7fbe00e25ac0                   Options.inplace_update_support: 0
2022/12/12-11:40:23.123752 7fbe00e25ac0                 Options.inplace_update_num_locks: 10000
2022/12/12-11:40:23.123753 7fbe00e25ac0               Options.memtable_prefix_bloom_size_ratio: 0.000000
2022/12/12-11:40:23.123755 7fbe00e25ac0               Options.memtable_whole_key_filtering: 0
2022/12/12-11:40:23.123755 7fbe00e25ac0   Options.memtable_huge_page_size: 0
2022/12/12-11:40:23.123757 7fbe00e25ac0                           Options.bloom_locality: 0
2022/12/12-11:40:23.123758 7fbe00e25ac0                    Options.max_successive_merges: 0
2022/12/12-11:40:23.123760 7fbe00e25ac0                Options.optimize_filters_for_hits: 0
2022/12/12-11:40:23.123761 7fbe00e25ac0                Options.paranoid_file_checks: 0
2022/12/12-11:40:23.123763 7fbe00e25ac0                Options.force_consistency_checks: 1
2022/12/12-11:40:23.123764 7fbe00e25ac0                Options.report_bg_io_stats: 0
2022/12/12-11:40:23.123765 7fbe00e25ac0                               Options.ttl: 2592000
2022/12/12-11:40:23.123766 7fbe00e25ac0          Options.periodic_compaction_seconds: 0
2022/12/12-11:40:23.123768 7fbe00e25ac0                    Options.enable_blob_files: false
2022/12/12-11:40:23.123769 7fbe00e25ac0                        Options.min_blob_size: 0
2022/12/12-11:40:23.123770 7fbe00e25ac0                       Options.blob_file_size: 268435456
2022/12/12-11:40:23.123771 7fbe00e25ac0                Options.blob_compression_type: NoCompression
2022/12/12-11:40:23.123773 7fbe00e25ac0       Options.enable_blob_garbage_collection: false
2022/12/12-11:40:23.123774 7fbe00e25ac0   Options.blob_garbage_collection_age_cutoff: 0.250000
2022/12/12-11:40:23.123820 7fbe00e25ac0 [db/column_family.cc:595] --------------- Options for column family [RB]:
2022/12/12-11:40:23.123822 7fbe00e25ac0               Options.comparator: leveldb.BytewiseComparator
2022/12/12-11:40:23.123824 7fbe00e25ac0           Options.merge_operator: None
2022/12/12-11:40:23.123826 7fbe00e25ac0        Options.compaction_filter: filter_outdated
2022/12/12-11:40:23.123828 7fbe00e25ac0        Options.compaction_filter_factory: None
2022/12/12-11:40:23.123829 7fbe00e25ac0  Options.sst_partitioner_factory: None
2022/12/12-11:40:23.123831 7fbe00e25ac0         Options.memtable_factory: SkipListFactory
2022/12/12-11:40:23.123833 7fbe00e25ac0            Options.table_factory: BlockBasedTable
2022/12/12-11:40:23.123849 7fbe00e25ac0            table_factory options:   flush_block_policy_factory: FlushBlockBySizePolicyFactory (0x5572982b4ce0)
  cache_index_and_filter_blocks: 0
  cache_index_and_filter_blocks_with_high_priority: 1
  pin_l0_filter_and_index_blocks_in_cache: 0
  pin_top_level_index_and_filter: 1
  index_type: 0
  data_block_index_type: 0
  index_shortening: 1
  data_block_hash_table_util_ratio: 0.750000
  hash_index_allow_collision: 1
  checksum: 1
  no_block_cache: 0
  block_cache: 0x5572982bf9b0
  block_cache_name: LRUCache
  block_cache_options:
    capacity : 8388608
    num_shard_bits : 4
    strict_capacity_limit : 0
    memory_allocator : None
    high_pri_pool_ratio: 0.000
  block_cache_compressed: (nil)
  persistent_cache: (nil)
  block_size: 4096
  block_size_deviation: 10
  block_restart_interval: 16
  index_block_restart_interval: 1
  metadata_block_size: 4096
  partition_filters: 0
  use_delta_encoding: 1
  filter_policy: nullptr
  whole_key_filtering: 1
  verify_compression: 0
  read_amp_bytes_per_bit: 0
  format_version: 4
  enable_index_compression: 1
  block_align: 0
2022/12/12-11:40:23.123851 7fbe00e25ac0        Options.write_buffer_size: 67108864
2022/12/12-11:40:23.123853 7fbe00e25ac0  Options.max_write_buffer_number: 2
2022/12/12-11:40:23.123861 7fbe00e25ac0          Options.compression: NoCompression
2022/12/12-11:40:23.123863 7fbe00e25ac0                  Options.bottommost_compression: Disabled
2022/12/12-11:40:23.123865 7fbe00e25ac0       Options.prefix_extractor: nullptr
2022/12/12-11:40:23.123867 7fbe00e25ac0   Options.memtable_insert_with_hint_prefix_extractor: nullptr
2022/12/12-11:40:23.123869 7fbe00e25ac0             Options.num_levels: 7
2022/12/12-11:40:23.123871 7fbe00e25ac0        Options.min_write_buffer_number_to_merge: 1
2022/12/12-11:40:23.123873 7fbe00e25ac0     Options.max_write_buffer_number_to_maintain: 0
2022/12/12-11:40:23.123875 7fbe00e25ac0     Options.max_write_buffer_size_to_maintain: 0
2022/12/12-11:40:23.123876 7fbe00e25ac0            Options.bottommost_compression_opts.window_bits: -14
2022/12/12-11:40:23.123878 7fbe00e25ac0                  Options.bottommost_compression_opts.level: 32767
2022/12/12-11:40:23.123880 7fbe00e25ac0               Options.bottommost_compression_opts.strategy: 0
2022/12/12-11:40:23.123881 7fbe00e25ac0         Options.bottommost_compression_opts.max_dict_bytes: 0
2022/12/12-11:40:23.123882 7fbe00e25ac0         Options.bottommost_compression_opts.zstd_max_train_bytes: 0
2022/12/12-11:40:23.123884 7fbe00e25ac0         Options.bottommost_compression_opts.parallel_threads: 1
2022/12/12-11:40:23.123886 7fbe00e25ac0                  Options.bottommost_compression_opts.enabled: false
2022/12/12-11:40:23.123887 7fbe00e25ac0            Options.compression_opts.window_bits: -14
2022/12/12-11:40:23.123889 7fbe00e25ac0                  Options.compression_opts.level: 32767
2022/12/12-11:40:23.123891 7fbe00e25ac0               Options.compression_opts.strategy: 0
2022/12/12-11:40:23.123893 7fbe00e25ac0         Options.compression_opts.max_dict_bytes: 0
2022/12/12-11:40:23.123895 7fbe00e25ac0         Options.compression_opts.zstd_max_train_bytes: 0
2022/12/12-11:40:23.123897 7fbe00e25ac0         Options.compression_opts.parallel_threads: 1
2022/12/12-11:40:23.123898 7fbe00e25ac0                  Options.compression_opts.enabled: false
2022/12/12-11:40:23.123900 7fbe00e25ac0      Options.level0_file_num_compaction_trigger: 4
2022/12/12-11:40:23.123902 7fbe00e25ac0          Options.level0_slowdown_writes_trigger: 20
2022/12/12-11:40:23.123904 7fbe00e25ac0              Options.level0_stop_writes_trigger: 36
2022/12/12-11:40:23.123906 7fbe00e25ac0                   Options.target_file_size_base: 67108864
2022/12/12-11:40:23.123907 7fbe00e25ac0             Options.target_file_size_multiplier: 1
2022/12/12-11:40:23.123909 7fbe00e25ac0                Options.max_bytes_for_level_base: 268435456
2022/12/12-11:40:23.123910 7fbe00e25ac0 Options.level_compaction_dynamic_level_bytes: 0
2022/12/12-11:40:23.123912 7fbe00e25ac0          Options.max_bytes_for_level_multiplier: 10.000000
2022/12/12-11:40:23.123915 7fbe00e25ac0 Options.max_bytes_for_level_multiplier_addtl[0]: 1
2022/12/12-11:40:23.123916 7fbe00e25ac0 Options.max_bytes_for_level_multiplier_addtl[1]: 1
2022/12/12-11:40:23.123918 7fbe00e25ac0 Options.max_bytes_for_level_multiplier_addtl[2]: 1
2022/12/12-11:40:23.123920 7fbe00e25ac0 Options.max_bytes_for_level_multiplier_addtl[3]: 1
2022/12/12-11:40:23.123921 7fbe00e25ac0 Options.max_bytes_for_level_multiplier_addtl[4]: 1
2022/12/12-11:40:23.123923 7fbe00e25ac0 Options.max_bytes_for_level_multiplier_addtl[5]: 1
2022/12/12-11:40:23.123925 7fbe00e25ac0 Options.max_bytes_for_level_multiplier_addtl[6]: 1
2022/12/12-11:40:23.123927 7fbe00e25ac0       Options.max_sequential_skip_in_iterations: 8
2022/12/12-11:40:23.123928 7fbe00e25ac0                    Options.max_compaction_bytes: 1677721600
2022/12/12-11:40:23.123930 7fbe00e25ac0                        Options.arena_block_size: 8388608
2022/12/12-11:40:23.123932 7fbe00e25ac0   Options.soft_pending_compaction_bytes_limit: 68719476736
2022/12/12-11:40:23.123934 7fbe00e25ac0   Options.hard_pending_compaction_bytes_limit: 274877906944
2022/12/12-11:40:23.123936 7fbe00e25ac0       Options.rate_limit_delay_max_milliseconds: 100
2022/12/12-11:40:23.123942 7fbe00e25ac0                Options.disable_auto_compactions: 1
2022/12/12-11:40:23.123944 7fbe00e25ac0                        Options.compaction_style: kCompactionStyleLevel
2022/12/12-11:40:23.123945 7fbe00e25ac0                          Options.compaction_pri: kMinOverlappingRatio
2022/12/12-11:40:23.123947 7fbe00e25ac0 Options.compaction_options_universal.size_ratio: 1
2022/12/12-11:40:23.123948 7fbe00e25ac0 Options.compaction_options_universal.min_merge_width: 2
2022/12/12-11:40:23.123950 7fbe00e25ac0 Options.compaction_options_universal.max_merge_width: 4294967295
2022/12/12-11:40:23.123952 7fbe00e25ac0 Options.compaction_options_universal.max_size_amplification_percent: 200
2022/12/12-11:40:23.123954 7fbe00e25ac0 Options.compaction_options_universal.compression_size_percent: -1
2022/12/12-11:40:23.123956 7fbe00e25ac0 Options.compaction_options_universal.stop_style: kCompactionStopStyleTotalSize
2022/12/12-11:40:23.123958 7fbe00e25ac0 Options.compaction_options_fifo.max_table_files_size: 1073741824
2022/12/12-11:40:23.123959 7fbe00e25ac0 Options.compaction_options_fifo.allow_compaction: 0
2022/12/12-11:40:23.123962 7fbe00e25ac0                   Options.table_properties_collectors: 
2022/12/12-11:40:23.123964 7fbe00e25ac0                   Options.inplace_update_support: 0
2022/12/12-11:40:23.123966 7fbe00e25ac0                 Options.inplace_update_num_locks: 10000
2022/12/12-11:40:23.123968 7fbe00e25ac0               Options.memtable_prefix_bloom_size_ratio: 0.000000
2022/12/12-11:40:23.123970 7fbe00e25ac0               Options.memtable_whole_key_filtering: 0
2022/12/12-11:40:23.123972 7fbe00e25ac0   Options.memtable_huge_page_size: 0
2022/12/12-11:40:23.123973 7fbe00e25ac0                           Options.bloom_locality: 0
2022/12/12-11:40:23.123976 7fbe00e25ac0                    Options.max_successive_merges: 0
2022/12/12-11:40:23.123978 7fbe00e25ac0                Options.optimize_filters_for_hits: 0
2022/12/12-11:40:23.123979 7fbe00e25ac0                Options.paranoid_file_checks: 0
2022/12/12-11:40:23.123981 7fbe00e25ac0                Options.force_consistency_checks: 1
2022/12/12-11:40:23.123983 7fbe00e25ac0                Options.report_bg_io_stats: 0
2022/12/12-11:40:23.123985 7fbe00e25ac0                               Options.ttl: 2592000
2022/12/12-11:40:23.123987 7fbe00e25ac0          Options.periodic_compaction_seconds: 2592000
2022/12/12-11:40:23.123989 7fbe00e25ac0                    Options.enable_blob_files: false
2022/12/12-11:40:23.123990 7fbe00e25ac0                        Options.min_blob_size: 0
2022/12/12-11:40:23.123992 7fbe00e25ac0                       Options.blob_file_size: 268435456
2022/12/12-11:40:23.123993 7fbe00e25ac0                Options.blob_compression_type: NoCompression
2022/12/12-11:40:23.123995 7fbe00e25ac0       Options.enable_blob_garbage_collection: false
2022/12/12-11:40:23.123997 7fbe00e25ac0   Options.blob_garbage_collection_age_cutoff: 0.250000
2022/12/12-11:40:23.124026 7fbe00e25ac0 [db/column_family.cc:595] --------------- Options for column family [FZ]:
2022/12/12-11:40:23.124029 7fbe00e25ac0               Options.comparator: leveldb.BytewiseComparator
2022/12/12-11:40:23.124030 7fbe00e25ac0           Options.merge_operator: None
2022/12/12-11:40:23.124032 7fbe00e25ac0        Options.compaction_filter: filter_outdated
2022/12/12-11:40:23.124034 7fbe00e25ac0        Options.compaction_filter_factory: None
2022/12/12-11:40:23.124035 7fbe00e25ac0  Options.sst_partitioner_factory: None
2022/12/12-11:40:23.124037 7fbe00e25ac0         Options.memtable_factory: SkipListFactory
2022/12/12-11:40:23.124039 7fbe00e25ac0            Options.table_factory: BlockBasedTable
2022/12/12-11:40:23.124052 7fbe00e25ac0            table_factory options:   flush_block_policy_factory: FlushBlockBySizePolicyFactory (0x5572982bc0b0)
  cache_index_and_filter_blocks: 0
  cache_index_and_filter_blocks_with_high_priority: 1
  pin_l0_filter_and_index_blocks_in_cache: 0
  pin_top_level_index_and_filter: 1
  index_type: 0
  data_block_index_type: 0
  index_shortening: 1
  data_block_hash_table_util_ratio: 0.750000
  hash_index_allow_collision: 1
  checksum: 1
  no_block_cache: 0
  block_cache: 0x5572982c1af0
  block_cache_name: LRUCache
  block_cache_options:
    capacity : 8388608
    num_shard_bits : 4
    strict_capacity_limit : 0
    memory_allocator : None
    high_pri_pool_ratio: 0.000
  block_cache_compressed: (nil)
  persistent_cache: (nil)
  block_size: 4096
  block_size_deviation: 10
  block_restart_interval: 16
  index_block_restart_interval: 1
  metadata_block_size: 4096
  partition_filters: 0
  use_delta_encoding: 1
  filter_policy: nullptr
  whole_key_filtering: 1
  verify_compression: 0
  read_amp_bytes_per_bit: 0
  format_version: 4
  enable_index_compression: 1
  block_align: 0
2022/12/12-11:40:23.124073 7fbe00e25ac0        Options.write_buffer_size: 67108864
2022/12/12-11:40:23.124075 7fbe00e25ac0  Options.max_write_buffer_number: 2
2022/12/12-11:40:23.124077 7fbe00e25ac0          Options.compression: NoCompression
2022/12/12-11:40:23.124079 7fbe00e25ac0                  Options.bottommost_compression: Disabled
2022/12/12-11:40:23.124081 7fbe00e25ac0       Options.prefix_extractor: nullptr
2022/12/12-11:40:23.124083 7fbe00e25ac0   Options.memtable_insert_with_hint_prefix_extractor: nullptr
2022/12/12-11:40:23.124084 7fbe00e25ac0             Options.num_levels: 7
2022/12/12-11:40:23.124086 7fbe00e25ac0        Options.min_write_buffer_number_to_merge: 1
2022/12/12-11:40:23.124088 7fbe00e25ac0     Options.max_write_buffer_number_to_maintain: 0
2022/12/12-11:40:23.124090 7fbe00e25ac0     Options.max_write_buffer_size_to_maintain: 0
2022/12/12-11:40:23.124091 7fbe00e25ac0            Options.bottommost_compression_opts.window_bits: -14
2022/12/12-11:40:23.124093 7fbe00e25ac0                  Options.bottommost_compression_opts.level: 32767
2022/12/12-11:40:23.124094 7fbe00e25ac0               Options.bottommost_compression_opts.strategy: 0
2022/12/12-11:40:23.124096 7fbe00e25ac0         Options.bottommost_compression_opts.max_dict_bytes: 0
2022/12/12-11:40:23.124098 7fbe00e25ac0         Options.bottommost_compression_opts.zstd_max_train_bytes: 0
2022/12/12-11:40:23.124100 7fbe00e25ac0         Options.bottommost_compression_opts.parallel_threads: 1
2022/12/12-11:40:23.124101 7fbe00e25ac0                  Options.bottommost_compression_opts.enabled: false
2022/12/12-11:40:23.124103 7fbe00e25ac0            Options.compression_opts.window_bits: -14
2022/12/12-11:40:23.124105 7fbe00e25ac0                  Options.compression_opts.level: 32767
2022/12/12-11:40:23.124106 7fbe00e25ac0               Options.compression_opts.strategy: 0
2022/12/12-11:40:23.124108 7fbe00e25ac0         Options.compression_opts.max_dict_bytes: 0
2022/12/12-11:40:23.124110 7fbe00e25ac0         Options.compression_opts.zstd_max_train_bytes: 0
2022/12/12-11:40:23.124112 7fbe00e25ac0         Options.compression_opts.parallel_threads: 1
2022/12/12-11:40:23.124114 7fbe00e25ac0                  Options.compression_opts.enabled: false
2022/12/12-11:40:23.124115 7fbe00e25ac0      Options.level0_file_num_compaction_trigger: 4
2022/12/12-11:40:23.124117 7fbe00e25ac0          Options.level0_slowdown_writes_trigger: 20
2022/12/12-11:40:23.124118 7fbe00e25ac0              Options.level0_stop_writes_trigger: 36
2022/12/12-11:40:23.124120 7fbe00e25ac0                   Options.target_file_size_base: 67108864
2022/12/12-11:40:23.124122 7fbe00e25ac0             Options.target_file_size_multiplier: 1
2022/12/12-11:40:23.124123 7fbe00e25ac0                Options.max_bytes_for_level_base: 268435456
2022/12/12-11:40:23.124124 7fbe00e25ac0 Options.level_compaction_dynamic_level_bytes: 0
2022/12/12-11:40:23.124126 7fbe00e25ac0          Options.max_bytes_for_level_multiplier: 10.000000
2022/12/12-11:40:23.124128 7fbe00e25ac0 Options.max_bytes_for_level_multiplier_addtl[0]: 1
2022/12/12-11:40:23.124130 7fbe00e25ac0 Options.max_bytes_for_level_multiplier_addtl[1]: 1
2022/12/12-11:40:23.124131 7fbe00e25ac0 Options.max_bytes_for_level_multiplier_addtl[2]: 1
2022/12/12-11:40:23.124134 7fbe00e25ac0 Options.max_bytes_for_level_multiplier_addtl[3]: 1
2022/12/12-11:40:23.124143 7fbe00e25ac0 Options.max_bytes_for_level_multiplier_addtl[4]: 1
2022/12/12-11:40:23.124144 7fbe00e25ac0 Options.max_bytes_for_level_multiplier_addtl[5]: 1
2022/12/12-11:40:23.124146 7fbe00e25ac0 Options.max_bytes_for_level_multiplier_addtl[6]: 1
2022/12/12-11:40:23.124148 7fbe00e25ac0       Options.max_sequential_skip_in_iterations: 8
2022/12/12-11:40:23.124150 7fbe00e25ac0                    Options.max_compaction_bytes: 1677721600
2022/12/12-11:40:23.124152 7fbe00e25ac0                        Options.arena_block_size: 8388608
2022/12/12-11:40:23.124153 7fbe00e25ac0   Options.soft_pending_compaction_bytes_limit: 68719476736
2022/12/12-11:40:23.124155 7fbe00e25ac0   Options.hard_pending_compaction_bytes_limit: 274877906944
2022/12/12-11:40:23.124157 7fbe00e25ac0       Options.rate_limit_delay_max_milliseconds: 100
2022/12/12-11:40:23.124158 7fbe00e25ac0                Options.disable_auto_compactions: 1
2022/12/12-11:40:23.124160 7fbe00e25ac0                        Options.compaction_style: kCompactionStyleLevel
2022/12/12-11:40:23.124162 7fbe00e25ac0                          Options.compaction_pri: kMinOverlappingRatio
2022/12/12-11:40:23.124164 7fbe00e25ac0 Options.compaction_options_universal.size_ratio: 1
2022/12/12-11:40:23.124165 7fbe00e25ac0 Options.compaction_options_universal.min_merge_width: 2
2022/12/12-11:40:23.124167 7fbe00e25ac0 Options.compaction_options_universal.max_merge_width: 4294967295
2022/12/12-11:40:23.124168 7fbe00e25ac0 Options.compaction_options_universal.max_size_amplification_percent: 200
2022/12/12-11:40:23.124170 7fbe00e25ac0 Options.compaction_options_universal.compression_size_percent: -1
2022/12/12-11:40:23.124172 7fbe00e25ac0 Options.compaction_options_universal.stop_style: kCompactionStopStyleTotalSize
2022/12/12-11:40:23.124174 7fbe00e25ac0 Options.compaction_options_fifo.max_table_files_size: 1073741824
2022/12/12-11:40:23.124176 7fbe00e25ac0 Options.compaction_options_fifo.allow_compaction: 0
2022/12/12-11:40:23.124179 7fbe00e25ac0                   Options.table_properties_collectors: 
2022/12/12-11:40:23.124180 7fbe00e25ac0                   Options.inplace_update_support: 0
2022/12/12-11:40:23.124182 7fbe00e25ac0                 Options.inplace_update_num_locks: 10000
2022/12/12-11:40:23.124184 7fbe00e25ac0               Options.memtable_prefix_bloom_size_ratio: 0.000000
2022/12/12-11:40:23.124186 7fbe00e25ac0               Options.memtable_whole_key_filtering: 0
2022/12/12-11:40:23.124188 7fbe00e25ac0   Options.memtable_huge_page_size: 0
2022/12/12-11:40:23.124189 7fbe00e25ac0                           Options.bloom_locality: 0
2022/12/12-11:40:23.124191 7fbe00e25ac0                    Options.max_successive_merges: 0
2022/12/12-11:40:23.124193 7fbe00e25ac0                Options.optimize_filters_for_hits: 0
2022/12/12-11:40:23.124195 7fbe00e25ac0                Options.paranoid_file_checks: 0
2022/12/12-11:40:23.124196 7fbe00e25ac0                Options.force_consistency_checks: 1
2022/12/12-11:40:23.124198 7fbe00e25ac0                Options.report_bg_io_stats: 0
2022/12/12-11:40:23.124199 7fbe00e25ac0                               Options.ttl: 2592000
2022/12/12-11:40:23.124201 7fbe00e25ac0          Options.periodic_compaction_seconds: 2592000
2022/12/12-11:40:23.124203 7fbe00e25ac0                    Options.enable_blob_files: false
2022/12/12-11:40:23.124205 7fbe00e25ac0                        Options.min_blob_size: 0
2022/12/12-11:40:23.124206 7fbe00e25ac0                       Options.blob_file_size: 268435456
2022/12/12-11:40:23.124208 7fbe00e25ac0                Options.blob_compression_type: NoCompression
2022/12/12-11:40:23.124210 7fbe00e25ac0       Options.enable_blob_garbage_collection: false
2022/12/12-11:40:23.124211 7fbe00e25ac0   Options.blob_garbage_collection_age_cutoff: 0.250000
2022/12/12-11:40:23.124238 7fbe00e25ac0 [db/column_family.cc:595] --------------- Options for column family [NZ]:
2022/12/12-11:40:23.124240 7fbe00e25ac0               Options.comparator: leveldb.BytewiseComparator
2022/12/12-11:40:23.124242 7fbe00e25ac0           Options.merge_operator: None
2022/12/12-11:40:23.124251 7fbe00e25ac0        Options.compaction_filter: filter_outdated
2022/12/12-11:40:23.124252 7fbe00e25ac0        Options.compaction_filter_factory: None
2022/12/12-11:40:23.124254 7fbe00e25ac0  Options.sst_partitioner_factory: None
2022/12/12-11:40:23.124256 7fbe00e25ac0         Options.memtable_factory: SkipListFactory
2022/12/12-11:40:23.124258 7fbe00e25ac0            Options.table_factory: BlockBasedTable
2022/12/12-11:40:23.124271 7fbe00e25ac0            table_factory options:   flush_block_policy_factory: FlushBlockBySizePolicyFactory (0x5572982bc2a0)
  cache_index_and_filter_blocks: 0
  cache_index_and_filter_blocks_with_high_priority: 1
  pin_l0_filter_and_index_blocks_in_cache: 0
  pin_top_level_index_and_filter: 1
  index_type: 0
  data_block_index_type: 0
  index_shortening: 1
  data_block_hash_table_util_ratio: 0.750000
  hash_index_allow_collision: 1
  checksum: 1
  no_block_cache: 0
  block_cache: 0x5572982c3c30
  block_cache_name: LRUCache
  block_cache_options:
    capacity : 8388608
    num_shard_bits : 4
    strict_capacity_limit : 0
    memory_allocator : None
    high_pri_pool_ratio: 0.000
  block_cache_compressed: (nil)
  persistent_cache: (nil)
  block_size: 4096
  block_size_deviation: 10
  block_restart_interval: 16
  index_block_restart_interval: 1
  metadata_block_size: 4096
  partition_filters: 0
  use_delta_encoding: 1
  filter_policy: nullptr
  whole_key_filtering: 1
  verify_compression: 0
  read_amp_bytes_per_bit: 0
  format_version: 4
  enable_index_compression: 1
  block_align: 0
2022/12/12-11:40:23.124274 7fbe00e25ac0        Options.write_buffer_size: 67108864
2022/12/12-11:40:23.124276 7fbe00e25ac0  Options.max_write_buffer_number: 2
2022/12/12-11:40:23.124278 7fbe00e25ac0          Options.compression: NoCompression
2022/12/12-11:40:23.124280 7fbe00e25ac0                  Options.bottommost_compression: Disabled
2022/12/12-11:40:23.124282 7fbe00e25ac0       Options.prefix_extractor: nullptr
2022/12/12-11:40:23.124284 7fbe00e25ac0   Options.memtable_insert_with_hint_prefix_extractor: nullptr
2022/12/12-11:40:23.124285 7fbe00e25ac0             Options.num_levels: 7
2022/12/12-11:40:23.124287 7fbe00e25ac0        Options.min_write_buffer_number_to_merge: 1
2022/12/12-11:40:23.124289 7fbe00e25ac0     Options.max_write_buffer_number_to_maintain: 0
2022/12/12-11:40:23.124290 7fbe00e25ac0     Options.max_write_buffer_size_to_maintain: 0
2022/12/12-11:40:23.124292 7fbe00e25ac0            Options.bottommost_compression_opts.window_bits: -14
2022/12/12-11:40:23.124294 7fbe00e25ac0                  Options.bottommost_compression_opts.level: 32767
2022/12/12-11:40:23.124296 7fbe00e25ac0               Options.bottommost_compression_opts.strategy: 0
2022/12/12-11:40:23.124297 7fbe00e25ac0         Options.bottommost_compression_opts.max_dict_bytes: 0
2022/12/12-11:40:23.124299 7fbe00e25ac0         Options.bottommost_compression_opts.zstd_max_train_bytes: 0
